278.90	1.01E+003	1.100E-001	988.6
280.16	1.01E+003	1.100E-001	988.7
281.42	1.01E+003	1.100E-001	988.6
282.68	1.01E+003	1.100E-001	988.6
283.94	1.01E+003	1.100E-001	988.7
285.19	1.01E+003	1.100E-001	988.6
286.45	1.01E+003	1.100E-001	988.6
287.71	1.01E+003	1.100E-001	988.6
288.97	1.01E+003	1.100E-001	988.5
290.23	1.01E+003	1.100E-001	988.5
291.51	1.01E+003	1.100E-001	988.6
0.00	1.01E+003	1.100E-001	988.5
2.01	1.01E+003	1.100E-001	988.5
4.00	1.01E+003	1.100E-001	988.5
6.00	1.01E+003	1.100E-001	889.6
7.99	1.01E+003	1.100E-001	787.8
10.00	1.01E+003	1.100E-001	704.7
12.00	1.01E+003	1.100E-001	635.9
13.98	1.01E+003	1.100E-001	576.5
15.99	1.01E+003	1.100E-001	523.1
18.00	1.01E+003	1.100E-001	476.2
19.99	1.01E+003	1.100E-001	435.0
21.99	1.01E+003	1.100E-001	396.9
23.99	1.01E+003	1.100E-001	362.1
25.96	1.01E+003	1.100E-001	330.9
27.97	1.01E+003	1.100E-001	301.2
29.96	1.01E+003	1.100E-001	273.8
31.95	1.01E+003	1.100E-001	248.9
33.97	1.01E+003	1.100E-001	226.3
35.95	8.25E+002	1.100E-001	206.0
37.98	5.95E+002	1.100E-001	186.8
39.95	4.52E+002	1.100E-001	170.3
41.95	3.59E+002	1.100E-001	155.2
43.96	2.93E+002	1.100E-001	141.4
45.95	2.37E+002	1.100E-001	128.9
47.97	1.90E+002	1.100E-001	117.5
49.95	1.63E+002	1.100E-001	107.2
51.95	1.41E+002	1.100E-001	97.9
53.94	1.18E+002	1.100E-001	89.5
55.93	9.81E+001	1.100E-001	81.8
57.93	8.75E+001	1.100E-001	74.7
59.92	7.75E+001	1.100E-001	68.3
61.92	6.86E+001	1.100E-001	62.5
63.94	5.99E+001	1.100E-001	57.2
65.91	5.39E+001	1.100E-001	52.4
67.92	4.78E+001	1.100E-001	47.9
69.92	4.26E+001	1.100E-001	43.9
71.91	3.80E+001	1.100E-001	40.3
73.93	3.51E+001	1.100E-001	37.1
75.92	3.22E+001	1.100E-001	34.1
77.92	2.94E+001	1.100E-001	31.4
79.92	2.67E+001	1.100E-001	29.0
81.90	2.40E+001	1.100E-001	26.8
83.92	2.16E+001	1.100E-001	24.8
85.90	1.94E+001	1.100E-001	23.0
87.90	1.80E+001	1.100E-001	21.3
89.89	1.66E+001	1.100E-001	19.8
91.89	1.52E+001	1.100E-001	18.4
93.91	1.39E+001	1.100E-001	17.3
95.89	1.28E+001	1.100E-001	16.2
97.89	1.17E+001	1.100E-001	15.2
99.88	1.07E+001	1.100E-001	14.3
101.89	9.73E+000	1.100E-001	13.5
103.89	9.07E+000	1.100E-001	12.8
105.88	8.46E+000	1.100E-001	12.1
107.91	7.88E+000	1.100E-001	11.4
109.89	7.36E+000	1.100E-001	10.8
111.86	6.87E+000	1.100E-001	10.3
113.87	6.41E+000	1.100E-001	9.8
115.87	5.98E+000	1.100E-001	9.3
117.86	5.62E+000	1.100E-001	8.9
119.86	5.31E+000	1.100E-001	8.6
