0.00	3.97E-008	32.4
1.60	3.97E-008	32.4
3.17	3.97E-008	32.4
4.73	3.98E-008	32.4
6.31	3.97E-008	32.4
7.86	3.97E-008	32.4
9.43	3.97E-008	32.4
10.99	3.98E-008	32.4
12.55	3.97E-008	32.4
14.13	3.97E-008	32.4
15.69	3.97E-008	32.4
17.24	3.97E-008	32.4
18.81	3.97E-008	32.4
20.37	3.97E-008	32.4
21.93	3.98E-008	32.4
23.50	3.97E-008	32.4
25.04	3.97E-008	32.4
26.61	3.97E-008	32.4
28.17	3.97E-008	32.4
29.72	3.97E-008	32.4
31.27	3.97E-008	32.4
32.83	3.97E-008	32.4
34.38	3.97E-008	32.4
35.92	3.97E-008	32.4
37.49	3.97E-008	32.4
39.03	3.97E-008	32.4
40.58	3.97E-008	32.4
42.15	3.97E-008	32.4
43.70	3.97E-008	32.4
45.26	3.97E-008	32.4
46.83	3.97E-008	32.4
48.37	3.97E-008	32.4
49.94	3.97E-008	32.4
51.49	3.97E-008	32.4
53.06	3.97E-008	32.4
54.61	3.97E-008	32.4
56.16	3.97E-008	32.4
57.70	3.97E-008	32.4
59.25	3.97E-008	32.4
60.80	3.97E-008	32.4
62.36	3.97E-008	32.4
63.91	3.97E-008	32.4
65.46	3.97E-008	32.4
67.00	3.97E-008	32.4
68.55	3.97E-008	32.4
70.10	3.97E-008	32.4
71.66	3.97E-008	32.4
73.21	3.97E-008	32.4
74.76	3.97E-008	32.4
76.31	3.97E-008	32.4
77.87	3.97E-008	32.4
79.42	3.97E-008	32.4
80.97	3.97E-008	32.4
82.53	3.97E-008	32.4
84.08	3.97E-008	32.4
85.63	3.97E-008	32.4
87.17	3.97E-008	32.4
88.72	3.97E-008	32.4
90.27	3.97E-008	32.4
91.84	3.97E-008	32.3
93.40	3.97E-008	32.3
94.95	3.96E-008	32.3
96.50	3.97E-008	32.4
98.05	3.97E-008	32.4
99.59	3.96E-008	32.4
101.14	3.97E-008	32.4
102.70	3.97E-008	32.3
104.25	3.97E-008	32.3
105.81	3.97E-008	32.3
107.36	3.97E-008	32.3
108.91	3.97E-008	32.3
110.46	3.97E-008	32.4
112.01	3.97E-008	32.3
113.55	3.96E-008	32.3
115.10	3.97E-008	32.3
116.66	3.97E-008	32.4
118.21	3.97E-008	32.3
119.76	3.97E-008	32.3
121.31	3.97E-008	32.3
122.87	3.96E-008	32.3
124.42	3.96E-008	32.3
125.96	3.96E-008	32.3
127.51	3.97E-008	32.3
129.06	3.96E-008	32.3
130.61	3.97E-008	32.3
132.16	3.97E-008	32.3
133.70	3.96E-008	32.3
135.25	3.96E-008	32.3
136.80	3.97E-008	32.3
138.35	3.97E-008	32.3
139.91	3.97E-008	32.3
141.46	3.97E-008	32.3
143.02	3.96E-008	32.3
144.57	3.97E-008	32.3
146.12	3.96E-008	32.3
147.67	3.96E-008	32.3
149.21	3.96E-008	32.3
150.76	3.97E-008	32.3
152.31	3.96E-008	32.3
153.86	3.96E-008	32.3
155.40	3.97E-008	32.3
156.95	3.96E-008	32.3
158.50	3.96E-008	32.3
160.05	3.97E-008	32.3
161.62	3.96E-008	32.3
163.17	3.96E-008	32.3
164.72	3.96E-008	32.3
166.27	3.96E-008	32.3
167.81	3.96E-008	32.3
169.36	3.96E-008	32.3
170.91	3.96E-008	32.3
172.46	3.97E-008	32.3
174.00	3.96E-008	32.3
175.55	3.96E-008	32.3
177.10	3.96E-008	32.3
178.65	3.96E-008	32.3
180.19	3.96E-008	32.3
181.76	3.97E-008	32.3
183.31	3.96E-008	32.3
184.85	3.97E-008	32.3
186.40	3.96E-008	32.3
187.95	3.96E-008	32.3
189.50	3.96E-008	32.3
191.05	3.97E-008	32.3
192.59	3.96E-008	32.3
194.14	3.96E-008	32.3
195.69	3.96E-008	32.3
197.25	3.96E-008	32.3
198.80	3.96E-008	32.3
200.35	3.96E-008	32.3
201.91	3.96E-008	32.3
203.46	3.96E-008	32.3
205.01	3.96E-008	32.3
206.56	3.96E-008	32.3
208.11	3.96E-008	32.3
209.65	3.96E-008	32.3
211.20	3.96E-008	32.3
212.75	3.96E-008	32.3
214.30	3.96E-008	32.3
215.85	3.96E-008	32.3
217.39	3.96E-008	32.3
218.94	3.96E-008	32.3
220.51	3.96E-008	32.3
222.05	3.96E-008	32.3
223.60	3.96E-008	32.3
225.15	3.96E-008	32.3
226.70	3.96E-008	32.3
228.24	3.96E-008	32.3
229.79	3.96E-008	32.3
231.34	3.96E-008	32.3
232.89	3.96E-008	32.3
234.44	3.96E-008	32.3
235.98	3.96E-008	32.3
237.53	3.96E-008	32.3
239.08	3.96E-008	32.3
240.63	3.96E-008	32.3
242.17	3.96E-008	32.3
243.72	3.96E-008	32.3
245.27	3.96E-008	32.3
246.82	3.96E-008	32.3
248.37	3.96E-008	32.3
249.92	3.96E-008	32.3
251.46	3.96E-008	32.3
253.03	3.96E-008	32.2
254.59	3.96E-008	32.2
256.14	3.96E-008	32.3
257.69	3.96E-008	32.2
259.24	3.96E-008	32.2
260.79	3.96E-008	32.2
262.34	3.96E-008	32.2
263.88	3.96E-008	32.2
265.43	3.96E-008	32.2
266.99	3.96E-008	32.2
268.54	3.96E-008	32.2
270.09	3.96E-008	32.2
271.64	3.96E-008	32.2
273.19	3.96E-008	32.2
274.73	3.96E-008	32.2
276.28	3.96E-008	32.2
277.83	3.96E-008	32.2
279.38	3.95E-008	32.2
280.92	3.96E-008	32.2
282.47	3.96E-008	32.2
284.02	3.96E-008	32.2
285.57	3.96E-008	32.2
287.11	3.96E-008	32.2
288.66	3.96E-008	32.2
290.21	3.96E-008	32.2
291.76	3.96E-008	32.2
293.30	3.95E-008	32.2
294.85	3.96E-008	32.2
296.40	3.96E-008	32.2
297.95	3.96E-008	32.2
299.50	3.96E-008	32.2
301.04	3.95E-008	32.2
302.61	3.96E-008	32.2
304.16	3.96E-008	32.2
305.71	3.96E-008	32.2
307.25	3.96E-008	32.2
308.80	3.96E-008	32.2
310.35	3.95E-008	32.2
311.90	3.96E-008	32.2
313.45	3.96E-008	32.2
315.00	3.96E-008	32.2
316.54	3.96E-008	32.2
318.09	3.96E-008	32.2
319.64	3.96E-008	32.2
321.19	3.96E-008	32.2
322.74	3.95E-008	32.2
324.29	3.96E-008	32.2
325.83	3.95E-008	32.2
327.38	3.95E-008	32.2
328.93	3.95E-008	32.2
330.48	3.96E-008	32.2
332.02	3.95E-008	32.2
333.57	3.95E-008	32.2
335.12	3.95E-008	32.2
336.67	3.95E-008	32.2
338.22	3.95E-008	32.2
339.76	3.96E-008	32.2
341.31	3.96E-008	32.2
342.86	3.95E-008	32.2
344.41	3.96E-008	32.2
345.96	3.95E-008	32.2
347.50	3.95E-008	32.2
349.05	3.95E-008	32.2
350.60	3.95E-008	32.2
352.16	3.96E-008	32.2
353.71	3.95E-008	32.2
355.26	3.95E-008	32.2
356.81	3.95E-008	32.2
358.35	3.95E-008	32.2
359.90	3.96E-008	32.2
361.45	3.95E-008	32.2
363.00	3.96E-008	32.2
364.55	3.95E-008	32.2
366.09	3.95E-008	32.2
367.64	3.95E-008	32.1
369.21	3.96E-008	32.2
370.75	3.96E-008	32.1
372.30	3.95E-008	32.1
373.85	3.95E-008	32.1
375.40	3.95E-008	32.2
376.94	3.96E-008	32.1
378.49	3.95E-008	32.1
380.04	3.95E-008	32.2
381.59	3.96E-008	32.1
383.13	3.95E-008	32.1
384.68	3.95E-008	32.1
386.23	3.95E-008	32.1
387.78	3.96E-008	32.1
389.33	3.95E-008	32.1
390.87	3.96E-008	32.1
392.42	3.95E-008	32.1
393.97	3.95E-008	32.1
395.52	3.95E-008	32.1
397.06	3.95E-008	32.1
398.61	3.95E-008	32.1
400.16	3.95E-008	32.1
401.72	3.95E-008	32.1
403.27	3.95E-008	32.1
404.82	3.95E-008	32.1
406.37	3.95E-008	32.1
407.92	3.95E-008	32.1
409.46	3.95E-008	32.1
411.01	3.95E-008	32.1
412.56	3.95E-008	32.1
414.10	3.95E-008	32.1
415.65	3.95E-008	32.1
417.20	3.95E-008	32.1
418.74	3.96E-008	32.1
420.29	3.95E-008	32.1
421.84	3.95E-008	32.1
423.39	3.95E-008	32.1
424.93	3.95E-008	32.1
426.48	3.95E-008	32.1
428.03	3.95E-008	32.1
429.58	3.95E-008	32.1
431.13	3.95E-008	32.1
432.67	3.95E-008	32.1
434.22	3.95E-008	32.1
435.77	3.95E-008	32.1
437.32	3.95E-008	32.1
438.87	3.95E-008	32.1
440.41	3.95E-008	32.1
441.96	3.95E-008	32.1
443.51	3.95E-008	32.1
445.06	3.95E-008	32.1
446.63	3.95E-008	32.1
448.17	3.95E-008	32.1
449.72	3.95E-008	32.1
451.27	3.95E-008	32.1

