0.00	1.01E+003	1.100E-001	292.8
2.04	1.01E+003	1.100E-001	294.9
4.00	1.01E+003	1.100E-001	297.0
6.01	1.01E+003	1.100E-001	299.1
7.99	1.01E+003	1.100E-001	301.1
9.99	1.01E+003	1.100E-001	303.3
11.99	1.01E+003	1.100E-001	305.4
13.99	1.01E+003	1.100E-001	307.5
15.98	1.01E+003	1.100E-001	309.6
17.99	1.01E+003	1.100E-001	311.7
19.98	1.01E+003	1.100E-001	313.8
21.98	1.01E+003	1.100E-001	316.0
23.99	1.01E+003	1.100E-001	318.1
25.96	1.01E+003	1.100E-001	320.2
27.98	1.01E+003	1.100E-001	322.3
29.96	1.01E+003	1.100E-001	324.4
31.96	1.01E+003	1.100E-001	326.5
33.98	1.01E+003	1.100E-001	328.6
35.94	1.01E+003	1.100E-001	330.6
37.95	1.01E+003	1.100E-001	332.7
39.94	1.01E+003	1.100E-001	334.9
41.93	1.01E+003	1.100E-001	337.0
43.96	1.01E+003	1.100E-001	339.1
45.93	1.01E+003	1.100E-001	341.3
47.96	1.01E+003	1.100E-001	343.4
49.93	1.01E+003	1.100E-001	345.5
51.93	1.01E+003	1.100E-001	347.7
53.95	1.01E+003	1.100E-001	349.8
55.93	1.01E+003	1.100E-001	351.9
57.93	1.01E+003	1.100E-001	354.0
59.93	1.01E+003	1.100E-001	356.1
61.92	1.01E+003	1.100E-001	358.2
63.92	1.01E+003	1.100E-001	360.3
65.91	1.01E+003	1.100E-001	362.4
67.91	1.01E+003	1.100E-001	364.5
69.90	1.01E+003	1.100E-001	366.6
71.90	1.01E+003	1.100E-001	368.7
73.93	1.01E+003	1.100E-001	370.8
75.90	1.01E+003	1.100E-001	372.9
77.90	1.01E+003	1.100E-001	375.1
79.90	1.01E+003	1.100E-001	377.1
81.90	1.01E+003	1.100E-001	379.3
83.92	1.01E+003	1.100E-001	381.4
85.90	1.01E+003	1.100E-001	383.4
87.89	1.01E+003	1.100E-001	385.6
89.89	1.01E+003	1.100E-001	387.7
91.88	1.01E+003	1.100E-001	389.8
93.91	1.01E+003	1.100E-001	392.0
95.88	1.01E+003	1.100E-001	394.1
97.87	1.01E+003	1.100E-001	396.2
99.87	1.01E+003	1.100E-001	398.3
101.88	1.01E+003	1.100E-001	400.4
103.88	1.01E+003	1.100E-001	402.5
105.87	1.01E+003	1.100E-001	404.6
107.87	1.01E+003	1.100E-001	406.6
109.87	1.01E+003	1.100E-001	408.7
111.87	1.01E+003	1.100E-001	410.8
113.87	1.01E+003	1.100E-001	412.9
115.86	1.01E+003	1.100E-001	415.0
117.86	1.01E+003	1.100E-001	417.1
119.85	1.01E+003	1.100E-001	419.3
121.84	1.01E+003	1.100E-001	421.4
123.88	1.01E+003	1.100E-001	423.5
125.85	1.01E+003	1.100E-001	425.6
127.84	1.01E+003	1.100E-001	427.7
129.84	1.01E+003	1.100E-001	429.7
131.85	1.01E+003	1.100E-001	431.9
133.84	1.01E+003	1.100E-001	434.0
135.83	1.01E+003	1.100E-001	436.1
137.84	1.01E+003	1.100E-001	438.1
139.84	1.01E+003	1.100E-001	440.3
141.84	1.01E+003	1.100E-001	442.5
143.85	1.01E+003	1.100E-001	444.5
145.83	1.01E+003	1.100E-001	446.6
147.82	1.01E+003	1.100E-001	448.6
149.82	1.01E+003	1.100E-001	450.7
151.82	1.01E+003	1.100E-001	452.8
153.81	1.01E+003	1.100E-001	454.9
155.81	1.01E+003	1.100E-001	457.0
157.81	1.01E+003	1.100E-001	459.1
159.81	1.01E+003	1.100E-001	461.2
161.82	1.01E+003	1.100E-001	463.4
163.84	1.01E+003	1.100E-001	465.5
165.81	1.01E+003	1.100E-001	467.6
167.81	1.01E+003	1.100E-001	469.7
169.81	1.01E+003	1.100E-001	471.8
171.81	1.01E+003	1.100E-001	473.9
173.81	1.01E+003	1.100E-001	476.0
175.80	1.01E+003	1.100E-001	478.1
177.79	1.01E+003	1.100E-001	480.2
179.79	1.01E+003	1.100E-001	482.3
181.79	1.01E+003	1.100E-001	484.3
183.82	1.01E+003	1.100E-001	486.4
185.78	1.01E+003	1.100E-001	488.5
187.78	1.01E+003	1.100E-001	490.5
189.78	1.01E+003	1.100E-001	492.6
191.78	1.01E+003	1.100E-001	494.7
193.78	1.01E+003	1.100E-001	496.8
195.78	1.01E+003	1.100E-001	498.9
197.78	1.01E+003	1.100E-001	501.0
199.78	1.01E+003	1.100E-001	503.1
201.78	1.01E+003	1.100E-001	505.1
203.78	1.01E+003	1.100E-001	507.2
205.76	1.01E+003	1.100E-001	509.2
207.75	1.01E+003	1.100E-001	511.3
209.76	1.01E+003	1.100E-001	513.3
211.75	1.01E+003	1.100E-001	515.4
213.75	1.01E+003	1.100E-001	517.4
215.75	1.01E+003	1.100E-001	519.5
217.75	1.01E+003	1.100E-001	521.6
219.75	1.01E+003	1.100E-001	523.7
221.75	1.01E+003	1.100E-001	525.7
223.75	1.01E+003	1.100E-001	527.8
225.75	1.01E+003	1.100E-001	529.9
227.75	1.01E+003	1.100E-001	531.9
229.75	1.01E+003	1.100E-001	534.0
231.73	1.01E+003	1.100E-001	536.0
233.73	1.01E+003	1.100E-001	538.0
235.73	1.01E+003	1.100E-001	540.0
237.72	1.01E+003	1.100E-001	542.0
239.72	1.01E+003	1.100E-001	544.0
241.72	1.01E+003	1.100E-001	546.1
243.72	1.01E+003	1.100E-001	548.2
245.72	1.01E+003	1.100E-001	550.2
247.72	1.01E+003	1.100E-001	552.2
249.72	1.01E+003	1.100E-001	554.2
251.72	1.01E+003	1.100E-001	556.2
253.74	1.01E+003	1.100E-001	558.2
255.72	1.01E+003	1.100E-001	560.3
257.72	1.01E+003	1.100E-001	562.2
259.70	1.01E+003	1.100E-001	564.2
261.70	1.01E+003	1.100E-001	566.5
263.70	1.01E+003	1.100E-001	568.7
265.69	1.01E+003	1.100E-001	571.0
267.70	1.01E+003	1.100E-001	573.2
269.69	1.01E+003	1.100E-001	575.4
271.69	1.01E+003	1.100E-001	577.7
273.69	1.01E+003	1.100E-001	579.9
275.69	1.01E+003	1.100E-001	582.1
277.69	1.01E+003	1.100E-001	584.3
279.69	1.01E+003	1.100E-001	585.5
281.69	1.01E+003	1.100E-001	586.3
283.69	1.01E+003	1.100E-001	587.0
285.68	1.01E+003	1.100E-001	588.0
287.67	1.01E+003	1.100E-001	589.0
289.67	1.01E+003	1.100E-001	589.8
291.67	1.01E+003	1.100E-001	590.8
293.67	1.01E+003	1.100E-001	591.7
295.66	1.01E+003	1.100E-001	592.7
297.66	1.01E+003	1.100E-001	593.6
299.66	1.01E+003	1.100E-001	594.5
301.66	1.01E+003	1.100E-001	655.1
303.69	1.01E+003	1.100E-001	716.0
305.66	1.01E+003	1.100E-001	769.1
307.66	1.01E+003	1.100E-001	817.4
309.66	1.01E+003	1.100E-001	859.7
311.66	1.01E+003	1.100E-001	895.8
313.65	1.01E+003	1.100E-001	925.2
315.64	1.01E+003	1.100E-001	948.2
317.64	1.01E+003	1.100E-001	965.1
319.63	1.01E+003	1.100E-001	975.8
321.64	1.01E+003	1.100E-001	982.1
323.63	1.01E+003	1.100E-001	986.3
325.64	1.01E+003	1.100E-001	987.3
327.63	1.01E+003	1.100E-001	987.6
329.63	1.01E+003	1.100E-001	987.8
331.63	1.01E+003	1.100E-001	987.9
333.63	1.01E+003	1.100E-001	988.0
335.63	1.01E+003	1.100E-001	988.1
337.63	1.01E+003	1.100E-001	988.2
339.63	1.01E+003	1.100E-001	988.1
341.63	1.01E+003	1.100E-001	988.3
343.61	1.01E+003	1.100E-001	988.3
345.61	1.01E+003	1.100E-001	988.3
347.61	1.01E+003	1.100E-001	988.3
349.61	1.01E+003	1.100E-001	988.3
351.60	1.01E+003	1.100E-001	988.4
353.63	1.01E+003	1.100E-001	988.3
355.60	1.01E+003	1.100E-001	988.5
357.60	1.01E+003	1.100E-001	988.5
359.60	1.01E+003	1.100E-001	988.5
361.60	1.01E+003	1.100E-001	988.6
363.60	1.01E+003	1.100E-001	988.6
365.60	1.01E+003	1.100E-001	988.6
367.60	1.01E+003	1.100E-001	988.8
369.59	1.01E+003	1.100E-001	988.7
371.60	1.01E+003	1.100E-001	988.9
373.58	1.01E+003	1.100E-001	988.6
375.58	1.01E+003	1.100E-001	988.5
377.57	1.01E+003	1.100E-001	988.5
379.57	1.01E+003	1.100E-001	988.8
381.57	1.01E+003	1.100E-001	988.7
383.57	1.01E+003	1.100E-001	988.6
385.57	1.01E+003	1.100E-001	988.6
387.57	1.01E+003	1.100E-001	988.7
389.57	1.01E+003	1.100E-001	988.9
391.57	1.01E+003	1.100E-001	989.0
393.56	1.01E+003	1.100E-001	988.9
395.57	1.01E+003	1.100E-001	989.0
397.57	1.01E+003	1.100E-001	989.0
399.55	1.01E+003	1.100E-001	988.9
401.55	1.01E+003	1.100E-001	988.9
403.57	1.01E+003	1.100E-001	988.8
405.54	1.01E+003	1.100E-001	988.9
407.54	1.01E+003	1.100E-001	988.8
409.55	1.01E+003	1.100E-001	988.5
411.54	1.01E+003	1.100E-001	988.4
413.54	1.01E+003	1.100E-001	988.5
415.54	1.01E+003	1.100E-001	988.5
417.54	1.01E+003	1.100E-001	988.6
419.54	1.01E+003	1.100E-001	988.6
421.54	1.01E+003	1.100E-001	988.6
423.54	1.01E+003	1.100E-001	988.6
425.53	1.01E+003	1.100E-001	988.6
427.53	1.01E+003	1.100E-001	988.5
429.52	1.01E+003	1.100E-001	988.5
431.51	1.01E+003	1.100E-001	988.5
433.52	1.01E+003	1.100E-001	988.5
435.51	1.01E+003	1.100E-001	988.5
437.51	1.01E+003	1.100E-001	988.5
439.51	1.01E+003	1.100E-001	988.5
441.51	1.01E+003	1.100E-001	988.5
443.51	1.01E+003	1.100E-001	988.5
445.51	1.01E+003	1.100E-001	988.6
447.50	1.01E+003	1.100E-001	988.6
449.51	1.01E+003	1.100E-001	988.6
451.51	1.01E+003	1.100E-001	988.5
453.53	1.01E+003	1.100E-001	988.7
455.49	1.01E+003	1.100E-001	988.5
457.49	1.01E+003	1.100E-001	988.5
459.49	1.01E+003	1.100E-001	988.5
461.49	1.01E+003	1.100E-001	988.5
463.49	1.01E+003	1.100E-001	988.5
465.48	1.01E+003	1.100E-001	988.5
467.48	1.01E+003	1.100E-001	988.5
469.48	1.01E+003	1.100E-001	988.6
471.48	1.01E+003	1.100E-001	988.6
473.48	1.01E+003	1.100E-001	988.6
475.48	1.01E+003	1.100E-001	988.6
477.48	1.01E+003	1.100E-001	988.6
479.48	1.01E+003	1.100E-001	988.6
481.47	1.01E+003	1.100E-001	988.6
483.47	1.01E+003	1.100E-001	988.5
485.46	1.01E+003	1.100E-001	988.4
487.46	1.01E+003	1.100E-001	988.5
489.46	1.01E+003	1.100E-001	988.5
491.45	1.01E+003	1.100E-001	988.5
493.45	1.01E+003	1.100E-001	988.5
495.46	1.01E+003	1.100E-001	988.5
497.45	1.01E+003	1.100E-001	988.5
499.45	1.01E+003	1.100E-001	988.6
501.45	1.01E+003	1.100E-001	988.6
503.47	1.01E+003	1.100E-001	988.5
505.45	1.01E+003	1.100E-001	988.5
507.44	1.01E+003	1.100E-001	988.5
509.44	1.01E+003	1.100E-001	988.5
511.43	1.01E+003	1.100E-001	988.5
513.43	1.01E+003	1.100E-001	988.5
515.43	1.01E+003	1.100E-001	988.7
517.43	1.01E+003	1.100E-001	988.5
519.42	1.01E+003	1.100E-001	988.6
521.43	1.01E+003	1.100E-001	988.6
523.42	1.01E+003	1.100E-001	988.6
525.42	1.01E+003	1.100E-001	988.6
527.42	1.01E+003	1.100E-001	988.6
529.42	1.01E+003	1.100E-001	988.6
531.42	1.01E+003	1.100E-001	988.6
533.42	1.01E+003	1.100E-001	988.6
535.42	1.01E+003	1.100E-001	988.5
537.42	1.01E+003	1.100E-001	988.6
539.40	1.01E+003	1.100E-001	988.6
541.39	1.01E+003	1.100E-001	988.8
543.40	1.01E+003	1.100E-001	988.8
545.40	1.01E+003	1.100E-001	988.6
547.39	1.01E+003	1.100E-001	988.7
549.39	1.01E+003	1.100E-001	988.6
551.39	1.01E+003	1.100E-001	988.8
553.39	1.01E+003	1.100E-001	988.9
555.39	1.01E+003	1.100E-001	988.9
557.39	1.01E+003	1.100E-001	988.9
559.39	1.01E+003	1.100E-001	988.7
561.39	1.01E+003	1.100E-001	988.6
563.39	1.01E+003	1.100E-001	988.9
565.39	1.01E+003	1.100E-001	988.9
567.37	1.01E+003	1.100E-001	988.8
569.37	1.01E+003	1.100E-001	988.9
571.37	1.01E+003	1.100E-001	989.0
573.37	1.01E+003	1.100E-001	989.0
575.36	1.01E+003	1.100E-001	988.9
577.36	1.01E+003	1.100E-001	988.9
579.36	1.01E+003	1.100E-001	988.8
581.36	1.01E+003	1.100E-001	988.9
583.36	1.01E+003	1.100E-001	988.9
585.36	1.01E+003	1.100E-001	988.9
587.36	1.01E+003	1.100E-001	988.9
589.36	1.01E+003	1.100E-001	989.0
591.36	1.01E+003	1.100E-001	989.0
593.36	1.01E+003	1.100E-001	989.0
595.34	1.01E+003	1.100E-001	989.0
597.34	1.01E+003	1.100E-001	989.0
599.34	1.01E+003	1.100E-001	988.9
601.33	1.01E+003	1.100E-001	988.9
603.36	1.01E+003	1.100E-001	988.9
605.33	1.01E+003	1.100E-001	988.9
607.33	1.01E+003	1.100E-001	988.9
609.33	1.01E+003	1.100E-001	989.0
611.33	1.01E+003	1.100E-001	989.0
613.33	1.01E+003	1.100E-001	988.8
615.33	1.01E+003	1.100E-001	988.9
617.33	1.01E+003	1.100E-001	989.0
619.33	1.01E+003	1.100E-001	989.0
621.32	1.01E+003	1.100E-001	988.7
623.31	1.01E+003	1.100E-001	988.8
625.31	1.01E+003	1.100E-001	988.9
627.31	1.01E+003	1.100E-001	988.8
629.31	1.01E+003	1.100E-001	988.7
631.31	1.01E+003	1.100E-001	988.8
633.31	1.01E+003	1.100E-001	988.3
635.30	1.01E+003	1.100E-001	988.4
637.31	1.01E+003	1.100E-001	988.3
639.30	1.01E+003	1.100E-001	988.3
641.30	1.01E+003	1.100E-001	988.3
643.30	1.01E+003	1.100E-001	988.3
645.30	1.01E+003	1.100E-001	988.3
647.29	1.01E+003	1.100E-001	988.3
649.30	1.01E+003	1.100E-001	988.3
651.28	1.01E+003	1.100E-001	988.3
653.28	1.01E+003	1.100E-001	988.3
655.27	1.01E+003	1.100E-001	988.3
657.28	1.01E+003	1.100E-001	988.4
659.28	1.01E+003	1.100E-001	988.4
661.27	1.01E+003	1.100E-001	988.4
663.27	1.01E+003	1.100E-001	988.4
665.27	1.01E+003	1.100E-001	988.4
667.27	1.01E+003	1.100E-001	988.4
669.27	1.01E+003	1.100E-001	988.5
671.27	1.01E+003	1.100E-001	988.5
673.27	1.01E+003	1.100E-001	988.4
675.27	1.01E+003	1.100E-001	988.5
677.27	1.01E+003	1.100E-001	988.5
679.25	1.01E+003	1.100E-001	988.5
681.25	1.01E+003	1.100E-001	988.5
683.25	1.01E+003	1.100E-001	988.5
685.25	1.01E+003	1.100E-001	988.6
687.25	1.01E+003	1.100E-001	988.5
689.24	1.01E+003	1.100E-001	988.5
691.24	1.01E+003	1.100E-001	988.5
693.24	1.01E+003	1.100E-001	988.5
695.25	1.01E+003	1.100E-001	988.5
697.24	1.01E+003	1.100E-001	988.4
699.24	1.01E+003	1.100E-001	988.4
