Time	Correlation

  2.00000E-004	  4.14741E-001
  4.00000E-004	  4.17472E-001
  6.00000E-004	  4.13183E-001
  8.00000E-004	  4.11456E-001
  1.00000E-003	  4.11303E-001
  1.20000E-003	  4.11577E-001
  1.40000E-003	  4.12214E-001
  1.60000E-003	  4.12973E-001
  1.80000E-003	  4.13702E-001
  2.00000E-003	  4.13363E-001
  2.20000E-003	  4.11994E-001
  2.40000E-003	  4.11018E-001
  2.60000E-003	  4.10340E-001
  2.80000E-003	  4.09569E-001
  3.00000E-003	  4.09466E-001
  3.20000E-003	  4.09259E-001
  3.60000E-003	  4.09465E-001
  4.00000E-003	  4.09438E-001
  4.40000E-003	  4.07272E-001
  4.80000E-003	  4.06353E-001
  5.20000E-003	  4.06958E-001
  5.60000E-003	  4.06624E-001
  6.00000E-003	  4.05373E-001
  6.40000E-003	  4.04765E-001
  7.20000E-003	  4.03355E-001
  8.00000E-003	  4.02614E-001
  8.80000E-003	  4.01201E-001
  9.60000E-003	  4.00395E-001
  1.04000E-002	  3.99021E-001
  1.12000E-002	  3.97718E-001
  1.20000E-002	  3.97012E-001
  1.28000E-002	  3.95807E-001
  1.44000E-002	  3.93636E-001
  1.60000E-002	  3.91542E-001
  1.76000E-002	  3.89567E-001
  1.92000E-002	  3.87659E-001
  2.08000E-002	  3.85657E-001
  2.24000E-002	  3.83681E-001
  2.40000E-002	  3.81926E-001
  2.56000E-002	  3.80134E-001
  2.88000E-002	  3.76720E-001
  3.20000E-002	  3.73447E-001
  3.52000E-002	  3.70390E-001
  3.84000E-002	  3.67455E-001
  4.16000E-002	  3.64548E-001
  4.48000E-002	  3.61885E-001
  4.80000E-002	  3.59327E-001
  5.12000E-002	  3.56852E-001
  5.76000E-002	  3.52082E-001
  6.40000E-002	  3.47760E-001
  7.04000E-002	  3.43768E-001
  7.68000E-002	  3.40016E-001
  8.32000E-002	  3.36491E-001
  8.96000E-002	  3.33250E-001
  9.60000E-002	  3.30137E-001
  1.02400E-001	  3.27305E-001
  1.15200E-001	  3.22094E-001
  1.28000E-001	  3.17440E-001
  1.40800E-001	  3.13211E-001
  1.53600E-001	  3.09412E-001
  1.66400E-001	  3.05966E-001
  1.79200E-001	  3.02793E-001
  1.92000E-001	  2.99879E-001
  2.04800E-001	  2.97241E-001
  2.30400E-001	  2.92438E-001
  2.56000E-001	  2.88188E-001
  2.81600E-001	  2.84427E-001
  3.07200E-001	  2.81097E-001
  3.32800E-001	  2.78035E-001
  3.58400E-001	  2.75332E-001
  3.84000E-001	  2.72789E-001
  4.09600E-001	  2.70472E-001
  4.60800E-001	  2.66295E-001
  5.12000E-001	  2.62611E-001
  5.63200E-001	  2.59379E-001
  6.14400E-001	  2.56493E-001
  6.65600E-001	  2.53898E-001
  7.16800E-001	  2.51471E-001
  7.68000E-001	  2.49284E-001
  8.19200E-001	  2.47330E-001
  9.21600E-001	  2.43752E-001
  1.02400E+000	  2.40816E-001
  1.12640E+000	  2.38179E-001
  1.22880E+000	  2.35835E-001
  1.33120E+000	  2.33828E-001
  1.43360E+000	  2.32025E-001
  1.53600E+000	  2.30378E-001
  1.63840E+000	  2.28976E-001
  1.84320E+000	  2.26469E-001
  2.04800E+000	  2.24291E-001
  2.25280E+000	  2.22523E-001
  2.45760E+000	  2.20919E-001
  2.66240E+000	  2.19498E-001
  2.86720E+000	  2.18320E-001
  3.07200E+000	  2.17252E-001
  3.22560E+000	  2.16620E-001
  3.63520E+000	  2.14888E-001
  4.04480E+000	  2.13654E-001
  4.45440E+000	  2.12670E-001
  4.86400E+000	  2.11736E-001
  5.27360E+000	  2.11020E-001
  5.68320E+000	  2.10296E-001
  6.09280E+000	  2.09683E-001
  6.50240E+000	  2.09235E-001
  7.32160E+000	  2.08581E-001
  8.14080E+000	  2.07889E-001
  8.96000E+000	  2.07286E-001
  9.77920E+000	  2.06758E-001
  1.05984E+001	  2.06320E-001
  1.14176E+001	  2.06259E-001
  1.22368E+001	  2.05966E-001
  1.30560E+001	  2.05785E-001
  1.46944E+001	  2.05168E-001
  1.63328E+001	  2.04703E-001
  1.79712E+001	  2.04382E-001
  1.96096E+001	  2.04297E-001
  2.12480E+001	  2.04053E-001
  2.28864E+001	  2.03667E-001
  2.45248E+001	  2.03356E-001
  2.61632E+001	  2.03022E-001
  2.94400E+001	  2.02951E-001
  3.27168E+001	  2.02883E-001
  3.59936E+001	  2.02570E-001
  3.92704E+001	  2.02240E-001
  4.25472E+001	  2.01852E-001
  4.58240E+001	  2.01767E-001
  4.91008E+001	  2.01449E-001
  5.23776E+001	  2.01238E-001
  5.89312E+001	  2.00858E-001
  6.54848E+001	  2.00383E-001
  7.20384E+001	  1.99766E-001
  7.85920E+001	  1.99283E-001
  8.51456E+001	  1.99026E-001
  9.16992E+001	  1.98871E-001
  9.82528E+001	  1.98836E-001
  1.04806E+002	  1.98666E-001
  1.17914E+002	  1.97932E-001
  1.31021E+002	  1.97270E-001
  1.44128E+002	  1.96753E-001
  1.57235E+002	  1.96285E-001
  1.70342E+002	  1.96021E-001
  1.83450E+002	  1.95399E-001
  1.96557E+002	  1.94921E-001
  2.09664E+002	  1.94510E-001
  2.35878E+002	  1.93676E-001
  2.62093E+002	  1.92886E-001
  2.88307E+002	  1.92430E-001
  3.14522E+002	  1.91662E-001
  3.40736E+002	  1.91024E-001
  3.66950E+002	  1.90260E-001
  3.93165E+002	  1.89547E-001
  4.19379E+002	  1.88882E-001
  4.71808E+002	  1.88066E-001
  5.24237E+002	  1.87212E-001
  5.76666E+002	  1.86190E-001
  6.29094E+002	  1.85338E-001
  6.81523E+002	  1.84658E-001
  7.33952E+002	  1.83824E-001
  7.86381E+002	  1.83064E-001
  8.38810E+002	  1.82360E-001
  9.43667E+002	  1.80816E-001
  1.04852E+003	  1.79219E-001
  1.15338E+003	  1.77916E-001
  1.25824E+003	  1.76568E-001
  1.36310E+003	  1.75244E-001
  1.46796E+003	  1.73988E-001
  1.57281E+003	  1.72736E-001
  1.67767E+003	  1.71367E-001
  1.88739E+003	  1.69248E-001
  2.09710E+003	  1.67160E-001
  2.30682E+003	  1.65222E-001
  2.51653E+003	  1.63017E-001
  2.72625E+003	  1.60664E-001
  2.93596E+003	  1.58734E-001
  3.14568E+003	  1.57301E-001
  3.35539E+003	  1.55260E-001
  3.77482E+003	  1.51739E-001
  4.19425E+003	  1.47533E-001
  4.61368E+003	  1.44338E-001
  5.03311E+003	  1.41032E-001
  5.45254E+003	  1.37171E-001
  5.87197E+003	  1.33792E-001
  6.29140E+003	  1.30531E-001
  6.71083E+003	  1.27436E-001
  7.54970E+003	  1.19770E-001
  8.38856E+003	  1.12786E-001
  9.22742E+003	  1.06251E-001
  1.00663E+004	  1.00278E-001
  1.09051E+004	  9.41157E-002
  1.17440E+004	  8.78744E-002
  1.25829E+004	  8.14350E-002
  1.34217E+004	  7.57407E-002
  1.50994E+004	  6.57930E-002
  1.67772E+004	  5.73424E-002
  1.84549E+004	  5.07708E-002
  2.01326E+004	  4.53308E-002
  2.18103E+004	  4.18887E-002
  2.34881E+004	  3.94016E-002
  2.51658E+004	  3.98812E-002
  2.68435E+004	  4.36145E-002
  3.01989E+004	  4.79047E-002
  3.35544E+004	  5.20621E-002
  3.69098E+004	  4.64599E-002
  4.02653E+004	  3.72588E-002
  4.36207E+004	  2.58689E-002
  4.69762E+004	  1.58464E-002
  5.03316E+004	  5.08382E-003
  5.36870E+004	 -1.32198E-003
  6.03979E+004	 -5.67879E-003
  6.71088E+004	  6.49801E-003
  7.38197E+004	  1.41169E-002
  8.05306E+004	  1.62059E-002
  8.72415E+004	 -2.98876E-004
  9.39524E+004	 -9.91341E-003
  1.00663E+005	 -1.08356E-002
  1.07374E+005	 -2.52571E-002
  1.20796E+005	 -2.81481E-002
  1.34218E+005	 -2.25521E-002
  1.47639E+005	 -2.32775E-002
  1.61061E+005	 -2.56665E-002
  1.74483E+005	 -2.84078E-002
  1.87905E+005	 -3.23297E-002
  2.01327E+005	 -3.69781E-002