
"Correlation"
  2.00000E-004	  5.89182E-001
  4.00000E-004	  5.96229E-001
  6.00000E-004	  5.93104E-001
  8.00000E-004	  5.93565E-001
  1.00000E-003	  5.90462E-001
  1.20000E-003	  5.89017E-001
  1.40000E-003	  5.88867E-001
  1.60000E-003	  5.91377E-001
  1.80000E-003	  5.90102E-001
  2.00000E-003	  5.91136E-001
  2.20000E-003	  5.86414E-001
  2.40000E-003	  5.90933E-001
  2.60000E-003	  5.88906E-001
  2.80000E-003	  5.89403E-001
  3.00000E-003	  5.88629E-001
  3.20000E-003	  5.88659E-001
  3.60000E-003	  5.89649E-001
  4.00000E-003	  5.89991E-001
  4.40000E-003	  5.88481E-001
  4.80000E-003	  5.87545E-001
  5.20000E-003	  5.91456E-001
  5.60000E-003	  5.87256E-001
  6.00000E-003	  5.89165E-001
  6.40000E-003	  5.89395E-001
  7.20000E-003	  5.89673E-001
  8.00000E-003	  5.89073E-001
  8.80000E-003	  5.88910E-001
  9.60000E-003	  5.87143E-001
  1.04000E-002	  5.87480E-001
  1.12000E-002	  5.88413E-001
  1.20000E-002	  5.87316E-001
  1.28000E-002	  5.87645E-001
  1.44000E-002	  5.87324E-001
  1.60000E-002	  5.86813E-001
  1.76000E-002	  5.85778E-001
  1.92000E-002	  5.86178E-001
  2.08000E-002	  5.85431E-001
  2.24000E-002	  5.85576E-001
  2.40000E-002	  5.85035E-001
  2.56000E-002	  5.85198E-001
  2.88000E-002	  5.84018E-001
  3.20000E-002	  5.84209E-001
  3.52000E-002	  5.83549E-001
  3.84000E-002	  5.82698E-001
  4.16000E-002	  5.82577E-001
  4.48000E-002	  5.81207E-001
  4.80000E-002	  5.81255E-001
  5.12000E-002	  5.80458E-001
  5.76000E-002	  5.79139E-001
  6.40000E-002	  5.78669E-001
  7.04000E-002	  5.77142E-001
  7.68000E-002	  5.76019E-001
  8.32000E-002	  5.74896E-001
  8.96000E-002	  5.73531E-001
  9.60000E-002	  5.72673E-001
  1.02400E-001	  5.71456E-001
  1.15200E-001	  5.69176E-001
  1.28000E-001	  5.66754E-001
  1.40800E-001	  5.64614E-001
  1.53600E-001	  5.63082E-001
  1.66400E-001	  5.60305E-001
  1.79200E-001	  5.58172E-001
  1.92000E-001	  5.56019E-001
  2.04800E-001	  5.54061E-001
  2.30400E-001	  5.50048E-001
  2.56000E-001	  5.45850E-001
  2.81600E-001	  5.41771E-001
  3.07200E-001	  5.37892E-001
  3.32800E-001	  5.34126E-001
  3.58400E-001	  5.30341E-001
  3.84000E-001	  5.26674E-001
  4.09600E-001	  5.23202E-001
  4.60800E-001	  5.15848E-001
  5.12000E-001	  5.08659E-001
  5.63200E-001	  5.01595E-001
  6.14400E-001	  4.94525E-001
  6.65600E-001	  4.87786E-001
  7.16800E-001	  4.81036E-001
  7.68000E-001	  4.74538E-001
  8.19200E-001	  4.68014E-001
  9.21600E-001	  4.55808E-001
  1.02400E+000	  4.44032E-001
  1.12640E+000	  4.32502E-001
  1.22880E+000	  4.21260E-001
  1.33120E+000	  4.10579E-001
  1.43360E+000	  3.99933E-001
  1.53600E+000	  3.89524E-001
  1.63840E+000	  3.79217E-001
  1.84320E+000	  3.60301E-001
  2.04800E+000	  3.42102E-001
  2.25280E+000	  3.24856E-001
  2.45760E+000	  3.08947E-001
  2.66240E+000	  2.93756E-001
  2.86720E+000	  2.79363E-001
  3.07200E+000	  2.65837E-001
  3.22560E+000	  2.55778E-001
  3.63520E+000	  2.31856E-001
  4.04480E+000	  2.10045E-001
  4.45440E+000	  1.90852E-001
  4.86400E+000	  1.73872E-001
  5.27360E+000	  1.58517E-001
  5.68320E+000	  1.45053E-001
  6.09280E+000	  1.32446E-001
  6.50240E+000	  1.21199E-001
  7.32160E+000	  1.01227E-001
  8.14080E+000	  8.48343E-002
  8.96000E+000	  7.12654E-002
  9.77920E+000	  5.97425E-002
  1.05984E+001	  4.95185E-002
  1.14176E+001	  4.24214E-002
  1.22368E+001	  3.82314E-002
  1.30560E+001	  3.50123E-002
  1.46944E+001	  2.93361E-002
  1.63328E+001	  2.63488E-002
  1.79712E+001	  2.65290E-002
  1.96096E+001	  2.59294E-002
  2.12480E+001	  2.33896E-002
  2.28864E+001	  1.76244E-002
  2.45248E+001	  9.84667E-003
  2.61632E+001	  9.36660E-003
  2.94400E+001	  4.10901E-003
  3.27168E+001	  1.34390E-003
  3.59936E+001	  3.86570E-003
  3.92704E+001	  6.71250E-003
  4.25472E+001	  5.33402E-003
  4.58240E+001	  6.43016E-003
  4.91008E+001	  3.66876E-003
  5.23776E+001	  1.84669E-003
  5.89312E+001	  1.45197E-003
  6.54848E+001	  2.82068E-003
  7.20384E+001	  3.32202E-003
  7.85920E+001	  3.29519E-003
  8.51456E+001	  6.29101E-003
  9.16992E+001	  4.76042E-003
  9.82528E+001	 -6.30353E-004
  1.04806E+002	 -7.60618E-003
  1.17914E+002	 -7.15250E-003
  1.31021E+002	 -1.21615E-003
  1.44128E+002	  1.22408E-002
  1.57235E+002	  3.75987E-003
  1.70342E+002	 -5.45210E-004
  1.83450E+002	 -4.42496E-003
  1.96557E+002	 -4.93789E-003
  2.09664E+002	  3.23944E-003
  2.35878E+002	  9.97552E-004
  2.62093E+002	 -7.53402E-003
  2.88307E+002	 -1.62131E-003
  3.14522E+002	  1.09554E-003
  3.40736E+002	 -3.54865E-003
  3.66950E+002	  1.71563E-003
  3.93165E+002	 -8.78877E-004
  4.19379E+002	  4.74737E-003
  4.71808E+002	 -3.17388E-003
  5.24237E+002	  7.65029E-003
  5.76666E+002	 -6.81197E-003
  6.29094E+002	 -4.90978E-003
  6.81523E+002	  5.61610E-003
  7.33952E+002	 -3.13462E-003
  7.86381E+002	 -4.87129E-003
  8.38810E+002	 -8.80458E-004
  9.43667E+002	  6.96895E-004
  1.04852E+003	  4.67041E-003
  1.15338E+003	 -2.67197E-003
  1.25824E+003	  7.98654E-004
  1.36310E+003	  1.64197E-003
  1.46796E+003	  9.53116E-004
  1.57281E+003	 -2.14540E-003
  1.67767E+003	  9.17822E-004
  1.88739E+003	 -3.12339E-003
  2.09710E+003	  1.40714E-003
  2.30682E+003	 -2.22819E-003
  2.51653E+003	  4.41976E-005
  2.72625E+003	  3.55909E-003
  2.93596E+003	  1.75825E-003
  3.14568E+003	  1.58781E-003
  3.35539E+003	 -2.18681E-003
  3.77482E+003	 -2.86722E-003
  4.19425E+003	 -2.95177E-003
  4.61368E+003	 -1.23578E-003
  5.03311E+003	 -6.67422E-004
  5.45254E+003	  7.81239E-004
  5.87197E+003	  1.45217E-003
  6.29140E+003	  9.44813E-004