0.00	1.01E+003	1.100E-001	985.2
2.01	1.01E+003	1.100E-001	985.2
4.00	1.01E+003	1.100E-001	985.2
5.99	1.01E+003	1.100E-001	985.3
7.99	1.01E+003	1.100E-001	985.3
10.03	1.01E+003	1.100E-001	856.8
12.00	1.01E+003	1.100E-001	761.0
13.98	1.01E+003	1.100E-001	683.2
15.99	1.01E+003	1.100E-001	616.9
18.00	1.01E+003	1.100E-001	559.1
19.99	1.01E+003	1.100E-001	507.6
21.99	1.01E+003	1.100E-001	462.0
24.00	1.01E+003	1.100E-001	421.4
25.97	1.01E+003	1.100E-001	384.8
27.99	1.01E+003	1.100E-001	350.7
29.95	1.01E+003	1.100E-001	320.5
31.95	1.01E+003	1.100E-001	291.5
33.97	1.01E+003	1.100E-001	264.3
35.95	1.01E+003	1.100E-001	240.5
37.97	9.65E+002	1.100E-001	218.5
39.95	7.03E+002	1.100E-001	198.5
41.95	5.22E+002	1.100E-001	180.6
43.97	3.91E+002	1.100E-001	164.3
45.95	3.30E+002	1.100E-001	149.7
47.96	2.62E+002	1.100E-001	136.4
49.95	2.08E+002	1.100E-001	124.3
51.95	1.77E+002	1.100E-001	113.3
53.96	1.53E+002	1.100E-001	103.3
55.92	1.30E+002	1.100E-001	94.6
57.92	1.09E+002	1.100E-001	86.4
59.92	9.33E+001	1.100E-001	79.1
61.92	8.30E+001	1.100E-001	72.4
63.94	7.37E+001	1.100E-001	66.2
65.92	6.49E+001	1.100E-001	60.7
67.92	5.74E+001	1.100E-001	55.7
69.92	5.17E+001	1.100E-001	51.0
71.92	4.60E+001	1.100E-001	46.7
73.93	4.07E+001	1.100E-001	42.8
75.92	3.71E+001	1.100E-001	39.4
77.92	3.44E+001	1.100E-001	36.3
79.91	3.15E+001	1.100E-001	33.5
81.91	2.88E+001	1.100E-001	30.9
83.91	2.63E+001	1.100E-001	28.6
85.90	2.38E+001	1.100E-001	26.5
87.89	2.14E+001	1.100E-001	24.6
89.89	1.94E+001	1.100E-001	22.9
91.89	1.81E+001	1.100E-001	21.4
93.91	1.68E+001	1.100E-001	19.9
95.89	1.55E+001	1.100E-001	18.7
97.89	1.43E+001	1.100E-001	17.5
99.89	1.33E+001	1.100E-001	16.4
101.89	1.23E+001	1.100E-001	15.5
103.90	1.13E+001	1.100E-001	14.7
105.88	1.05E+001	1.100E-001	14.0
107.89	9.70E+000	1.100E-001	13.3
109.88	9.14E+000	1.100E-001	12.6
111.86	8.63E+000	1.100E-001	12.1
113.87	8.14E+000	1.100E-001	11.5
115.86	7.70E+000	1.100E-001	11.1
117.85	7.30E+000	1.100E-001	10.7
119.86	6.93E+000	1.100E-001	10.2
121.86	6.57E+000	1.100E-001	9.9
123.88	6.25E+000	1.100E-001	9.6
125.86	5.95E+000	1.100E-001	9.3
127.86	5.70E+000	1.100E-001	9.0
129.86	5.48E+000	1.100E-001	8.8
131.85	5.28E+000	1.100E-001	8.5
133.85	5.09E+000	1.100E-001	8.3
135.86	4.92E+000	1.100E-001	8.2
137.84	4.76E+000	1.100E-001	8.0
139.84	4.60E+000	1.100E-001	7.8
141.83	4.47E+000	1.100E-001	7.6
143.85	4.34E+000	1.100E-001	7.4
145.84	4.21E+000	1.100E-001	7.2
147.83	4.10E+000	1.100E-001	7.1
149.83	4.00E+000	1.100E-001	7.0
151.83	3.90E+000	1.100E-001	7.0
153.83	3.82E+000	1.100E-001	6.9
155.83	3.74E+000	1.100E-001	6.8
157.83	3.67E+000	1.100E-001	6.8
159.83	3.60E+000	1.100E-001	6.7
161.83	3.54E+000	1.100E-001	6.6
163.84	3.48E+000	1.100E-001	6.5
