0.00	1.01E+003	1.100E-001	988.4
2.03	1.01E+003	1.100E-001	988.4
4.00	1.01E+003	1.100E-001	988.5
5.99	1.01E+003	1.100E-001	988.5
7.99	1.01E+003	1.100E-001	988.5
10.00	1.01E+003	1.100E-001	988.1
11.99	1.01E+003	1.100E-001	882.8
14.00	1.01E+003	1.100E-001	801.6
16.00	1.01E+003	1.100E-001	730.6
17.99	1.01E+003	1.100E-001	668.0
19.97	1.01E+003	1.100E-001	611.9
21.99	1.01E+003	1.100E-001	561.0
24.00	1.01E+003	1.100E-001	514.6
25.97	1.01E+003	1.100E-001	473.1
27.97	1.01E+003	1.100E-001	434.6
29.97	1.01E+003	1.100E-001	399.0
31.95	1.01E+003	1.100E-001	365.9
33.97	1.01E+003	1.100E-001	335.0
35.95	1.01E+003	1.100E-001	306.5
37.96	1.01E+003	1.100E-001	278.9
39.95	1.01E+003	1.100E-001	254.1
41.95	1.01E+003	1.100E-001	231.8
43.96	9.15E+002	1.100E-001	211.6
45.94	6.77E+002	1.100E-001	193.2
47.96	5.13E+002	1.100E-001	176.7
49.95	3.92E+002	1.100E-001	162.1
51.94	3.32E+002	1.100E-001	148.8
53.96	2.72E+002	1.100E-001	136.7
55.93	2.22E+002	1.100E-001	125.9
57.94	1.87E+002	1.100E-001	116.0
59.93	1.64E+002	1.100E-001	107.2
61.92	1.45E+002	1.100E-001	99.2
63.94	1.26E+002	1.100E-001	91.8
65.92	1.09E+002	1.100E-001	85.3
67.92	9.52E+001	1.100E-001	79.3
69.92	8.72E+001	1.100E-001	74.0
71.92	7.97E+001	1.100E-001	69.1
73.93	7.32E+001	1.100E-001	64.8
75.91	6.68E+001	1.100E-001	60.8
77.91	6.11E+001	1.100E-001	57.2
79.91	5.65E+001	1.100E-001	54.1
81.91	5.29E+001	1.100E-001	51.1
83.93	4.93E+001	1.100E-001	48.4
85.91	4.59E+001	1.100E-001	46.0
87.91	4.31E+001	1.100E-001	43.7
89.91	4.02E+001	1.100E-001	41.7
91.89	3.82E+001	1.100E-001	40.0
93.91	3.68E+001	1.100E-001	38.3
95.88	3.56E+001	1.100E-001	36.8
97.89	3.44E+001	1.100E-001	35.5
99.89	3.32E+001	1.100E-001	34.3
101.89	3.22E+001	1.100E-001	33.3
103.89	3.12E+001	1.100E-001	32.4
105.88	3.03E+001	1.100E-001	31.6
107.88	2.95E+001	1.100E-001	30.8
109.88	2.87E+001	1.100E-001	30.2
111.87	2.81E+001	1.100E-001	29.6
113.89	2.75E+001	1.100E-001	29.0
115.88	2.69E+001	1.100E-001	28.5
117.88	2.64E+001	1.100E-001	28.0
119.86	2.59E+001	1.100E-001	27.6
121.86	2.55E+001	1.100E-001	27.2
123.88	2.50E+001	1.100E-001	26.9
125.86	2.47E+001	1.100E-001	26.6
127.85	2.43E+001	1.100E-001	26.3
129.86	2.41E+001	1.100E-001	26.1
131.86	2.38E+001	1.100E-001	25.9
133.85	2.36E+001	1.100E-001	25.7
135.85	2.34E+001	1.100E-001	25.6
137.85	2.32E+001	1.100E-001	25.4
139.85	2.30E+001	1.100E-001	25.2
141.85	2.28E+001	1.100E-001	25.1
143.87	2.26E+001	1.100E-001	25.0
145.85	2.25E+001	1.100E-001	24.9
147.83	2.24E+001	1.100E-001	24.7
149.83	2.22E+001	1.100E-001	24.7
151.83	2.21E+001	1.100E-001	24.6
153.83	2.21E+001	1.100E-001	24.6
155.81	2.20E+001	1.100E-001	24.5
157.83	2.19E+001	1.100E-001	24.4
159.82	2.18E+001	1.100E-001	24.4
161.82	2.17E+001	1.100E-001	24.3
163.84	2.17E+001	1.100E-001	24.2
165.81	2.16E+001	1.100E-001	24.2
167.82	2.15E+001	1.100E-001	24.2
169.82	2.15E+001	1.100E-001	24.1
171.81	2.14E+001	1.100E-001	24.1
173.82	2.14E+001	1.100E-001	24.1
175.79	2.14E+001	1.100E-001	24.0
177.79	2.13E+001	1.100E-001	24.0
179.80	2.13E+001	1.100E-001	24.0
181.78	2.13E+001	1.100E-001	23.9
183.81	2.12E+001	1.100E-001	24.0
185.79	2.12E+001	1.100E-001	23.9
187.78	2.12E+001	1.100E-001	23.9
189.79	2.12E+001	1.100E-001	23.8
191.78	2.12E+001	1.100E-001	23.8
193.78	2.11E+001	1.100E-001	23.8
195.79	2.11E+001	1.100E-001	23.8
197.78	2.10E+001	1.100E-001	23.8
199.79	2.11E+001	1.100E-001	23.8
201.77	2.10E+001	1.100E-001	23.8
203.78	2.10E+001	1.100E-001	23.9
205.76	2.10E+001	1.100E-001	23.8
207.75	2.10E+001	1.100E-001	23.8
209.75	2.10E+001	1.100E-001	23.8
211.75	2.10E+001	1.100E-001	23.8
213.75	2.10E+001	1.100E-001	23.8
215.75	2.10E+001	1.100E-001	23.7
217.75	2.09E+001	1.100E-001	23.7
219.77	2.09E+001	1.100E-001	23.7
221.75	2.09E+001	1.100E-001	23.7
223.75	2.09E+001	1.100E-001	23.7
225.75	2.09E+001	1.100E-001	23.7
227.74	2.09E+001	1.100E-001	23.7
229.75	2.09E+001	1.100E-001	23.7
231.75	2.09E+001	1.100E-001	23.8
233.73	2.09E+001	1.100E-001	23.8
235.73	2.09E+001	1.100E-001	23.7
237.72	2.09E+001	1.100E-001	23.7
239.72	2.08E+001	1.100E-001	23.7
241.74	2.08E+001	1.100E-001	23.6
243.72	2.08E+001	1.100E-001	23.6
245.72	2.08E+001	1.100E-001	23.6
247.72	2.08E+001	1.100E-001	23.6
249.72	2.08E+001	1.100E-001	23.7
251.72	2.08E+001	1.100E-001	23.6
253.74	2.08E+001	1.100E-001	23.7
255.72	2.08E+001	1.100E-001	23.7
257.71	2.08E+001	1.100E-001	23.7
259.71	2.08E+001	1.100E-001	23.6
261.70	2.08E+001	1.100E-001	23.7
263.70	2.08E+001	1.100E-001	23.6
265.69	2.07E+001	1.100E-001	23.5
267.71	2.07E+001	1.100E-001	23.6
269.69	2.07E+001	1.100E-001	23.6
271.69	2.07E+001	1.100E-001	23.6
273.69	2.07E+001	1.100E-001	23.6
275.69	2.07E+001	1.100E-001	23.6
277.69	2.07E+001	1.100E-001	23.6
279.69	2.07E+001	1.100E-001	23.7
281.69	2.07E+001	1.100E-001	23.7
283.69	2.07E+001	1.100E-001	23.6
285.68	2.07E+001	1.100E-001	23.5
287.68	2.06E+001	1.100E-001	23.5
289.68	2.06E+001	1.100E-001	23.5
291.67	2.07E+001	1.100E-001	23.4
293.67	2.06E+001	1.100E-001	23.2
295.67	2.06E+001	1.100E-001	23.2
297.66	2.06E+001	1.100E-001	23.4
299.66	2.07E+001	1.100E-001	23.3
301.66	2.07E+001	1.100E-001	23.3
303.68	2.08E+001	1.100E-001	23.4
305.66	2.09E+001	1.100E-001	23.5
307.66	2.10E+001	1.100E-001	23.7
309.66	2.10E+001	1.100E-001	23.7
311.65	2.11E+001	1.100E-001	23.8
313.65	2.12E+001	1.100E-001	23.8
315.65	2.12E+001	1.100E-001	23.8
317.64	2.12E+001	1.100E-001	23.8
319.64	2.13E+001	1.100E-001	23.9
321.64	2.13E+001	1.100E-001	23.9
323.64	2.13E+001	1.100E-001	23.9
325.64	2.14E+001	1.100E-001	24.0
327.64	2.14E+001	1.100E-001	24.0
